43979,血盆大口,,
43980,寻花问柳,,
43981,荨麻疹,,
43982,逊位,,
43983,压阵,,
43984,哑语,,
43985,烟灯,,
43986,烟煤,,
43987,眼屎,,
43988,阳面,,
43989,阳坡,,
43990,洋味儿,,
43991,摇尾乞怜,,
43992,爷娘,,
43993,一贯性,,
43994,一时一刻,,
43995,一潭死水,,
43996,一无所得,,
43997,以少胜多,,
43998,佚文,,
43999,易手,,
44000,阴毒,,
44001,银票,,
44002,用心思,,
44003,忧闷,,
44004,幽居,,
44005,有奖销售,,
44006,雨情,,
44007,语体,,
44008,玉米秸,,
44009,月产量,,
44010,月桂,,
44011,云鬓,,
44012,芸豆,,
44013,杂面,,
44014,灶头,,
44015,增订,,
44016,獐子,,
44017,朝暮,,
44018,朝三暮四,,
44019,笊篱,,
44020,整衣,,
44021,证明人,,
44022,指甲油,,
44023,中山服,,
44024,忠顺,,
