51209,把尿,,
51210,白带,,
51211,百分数,,
51212,百事通,,
51213,伴读,,
51214,榜书,,
51215,榜文,,
51216,杯弓蛇影,,
51217,碑碣,,
51218,碑座,,
51219,闭经,,
51220,编列,,
51221,标金,,
51222,兵蚁,,
51223,博识,,
51224,薄田,,
51225,裁并,,
51226,采制,,
51227,苍空,,
51228,草标,,
51229,蟾酥,,
51230,长鼓,,
51231,畅怀,,
51232,超凡入圣,,buddhism
51233,超俗,,
51234,炒肝儿,,
51235,沉雷,,
51236,称孤道寡,,
51237,成品粮,,
51238,呈正,,
51239,逞威风,,
51240,吃劲,,
51241,赤地千里,,
51242,抽成,,
51243,初生之犊,,
51244,黜免,,
51245,穿靴戴帽,,
51246,传告,,
51247,窗沿,,
51248,锤打,,
51249,疵点,,
51250,词锋,,
51251,脆亮,,
51252,翠蓝,,
51253,撮要,,
51254,错爱,,
